   0.000000e+00
   6.000000e+00
   1.200000e+01
   1.800000e+01
   2.400000e+01
   3.000000e+01
   3.600000e+01
   4.200000e+01
   4.800000e+01
   5.400000e+01
   6.000000e+01
   6.600000e+01
   7.200000e+01
   7.800000e+01
   8.400000e+01
   9.000000e+01
   9.600000e+01
   1.020000e+02
   1.080000e+02
   1.140000e+02
   1.200000e+02
   1.260000e+02
   1.320000e+02
   1.380000e+02
   1.440000e+02
   1.500000e+02
   1.560000e+02
   1.620000e+02
   1.680000e+02
   1.740000e+02
   1.800000e+02
   1.860000e+02
   1.920000e+02
   1.980000e+02
   2.040000e+02
   2.100000e+02
   2.160000e+02
   2.220000e+02
   2.280000e+02
   2.340000e+02
   2.400000e+02
   2.460000e+02
   2.520000e+02
   2.580000e+02
   2.640000e+02
   2.700000e+02
   2.760000e+02
   2.820000e+02
   2.880000e+02
   2.940000e+02
   3.000000e+02
